Randomly generated symmetric matrix A=
   13.6075  -4.22468    11.324   11.9376
  -4.22468   16.4659  -12.0979  -6.59109
    11.324  -12.0979   10.7292  -8.88901
   11.9376  -6.59109  -8.88901    2.1588

matrix A after Jacobi diagonalization:
   -15.723-8.12601e-103.68937e-15-3.38813e-21
-8.12601e-10   9.58748         01.06502e-08
2.53302e-15-3.3266e-16   15.9901-6.79201e-10
8.89987e-161.06502e-08-6.79201e-10   33.1067
V^T*A*V (should equal A after Jacobi diag)=
   -15.723-8.12598e-102.66454e-153.10862e-15
-8.12598e-10   9.58748-1.11022e-151.06502e-08
3.55271e-15-1.33227e-15   15.9901-6.79204e-10
4.44089e-151.06502e-08-6.79203e-10   33.1067
V*D*V^T (should equal A before Jacobi diag)=
   13.6075  -4.22468    11.324   11.9376
  -4.22468   16.4659  -12.0979  -6.59109
    11.324  -12.0979   10.7292  -8.88901
   11.9376  -6.59109  -8.88901    2.1588
V^T*V (should be identity)=
         1-1.66533e-16-1.11022e-165.55112e-17
-1.66533e-16         1-2.77556e-172.56739e-16
-1.11022e-16-2.77556e-17         11.11022e-16
5.55112e-172.56739e-161.11022e-16         1
